0.14424048902589032
0.14271259168105177
0.13829449436565877
0.14501545357517198
0.14167948829525123
0.14080645656864954
0.14711085951620984
0.1428278022945495
0.1407714501333004
0.1445547845797801
0.1443077652449496
0.15040047196173845
0.14392444675418226
0.14175910486951793
0.14550956282837113
0.14163259551037655
0.14048705934665406
0.1399980977141997
0.1476403416873442
0.14222144355855804
0.14243300805932613
0.14179067192233852
0.14020801552203999
0.14375402110542979
0.1454020171201762
0.13978920857102395
0.14640718880509596
0.14571739679810136
0.14409424902791912
0.1410852644766365
0.1434304173612837
0.1474334868745082
0.143273917139787
0.14277344425078553
0.14337801447724985
0.14354470815099774
0.14206862819435173
0.1419071895801629
0.14384683560558997
0.1432877503752188
0.13967277034076275
0.13939007761338829
0.1414932394946078
0.1431246479320727
0.1390812535781194
0.14682463841861804
0.14147074217577682
0.1416884348190095
0.14337106536137867
0.14511387342677295
0.13936155615175494
0.14031117963993012
0.14006920072218776
0.14306047505461805
0.14839861788584585
0.14286921017087906
0.1453939210320243
0.1412208621359028
0.14279108734044854
0.1407493054581721
0.14375899885985177
0.14391315872298804
0.1422538718571147
0.14442096279277905
0.14298440308909477
0.1434278400693927
0.14604250711831668
0.14308741168578365
0.1435443124555036
0.14073911862499244
0.14103927969880203
0.14465481271862757
0.14140678888436042
0.1408476199706854
0.144466037685973
0.14257853048913205
0.14216195750905314
0.15083502081716205
0.1419339962153785
0.1436732668188725
0.14319656820419624
0.14284149412686986
0.1387901965036349
0.14357137904953987
0.1420989630411995
0.14563409753780832
0.1458617519228369
0.1448049258282964
0.14425734997080042
0.14709801909690867
0.14216290006357468
0.1461667595994527
0.1400983874895303
0.1451589861461713
0.14293997881681264
0.14653511176987877
0.14583581450773409
0.14701470731959887
0.14258498645327222
0.14163046323425021
0.1467450876787808
0.13949947651383354
0.14522058742581123
0.14468642636622064
0.14691293134643502
0.1395618165840915
0.14335257752205166
0.14472444298473874
0.14144831910748223
0.14278106233568622
0.1454143696286252
0.14148441955663316
0.1439606081375615
0.1483684529267606
0.1402810704527866
0.1435924143413132
0.1420838381238383
0.14252034298415595
0.1428249416682803
0.1440377466378493
0.14069477594128443
0.14579211983962637
0.14344586540013893
0.14035775894038238
0.14203377234632342
0.14905741282166218
0.14399667094652102
0.1418823387861181
0.1418700323963833
0.14297838485958891
0.14278877657169176
0.14375191787343056
0.14576207372583383
0.1420142242264859
0.14043507086130091
0.13843998310237282
0.14105670692470085
0.14188125139997965
0.14178039974464696
0.1397770948420174
0.1483163067736939
0.14802175882086033
0.14161931988964227
0.14572527400514446
0.14420326118430182
0.14156474464044777
0.14302932767988352
0.14546384146277092
0.14320342295727073
0.14174522943002899
0.14236345353721447
0.14032861960374987
0.14265688927584108
0.14290808526538967
0.14324145777283093
0.14348889600124437
0.14318582320098017
0.1409560185368406
0.14212817498089692
0.1453465587880487
0.14241943246157973
0.14134492302714818
0.14399397103063905
0.14239485940876762
0.14092883736226725
0.1397212136562871
0.14126132623053422
0.14071340642297514
0.144437287255613
0.1447284824442221
0.14903699023280126
0.14363787661493177
0.1402122412808211
0.1434484807107168
0.14585566854202625
0.14122859537854993
0.13983875108013422
0.14214192393355063
0.14231013727339814
0.13970756605981194
0.14631714057270528
0.1456777580422397
0.14655999993644286
0.14491844301159063
0.14097801977447944
0.14159701377187162
0.14779628837564474
0.1458180369836839
0.1416570347770687
0.14634125161038014
0.1434767277927449
0.1449422913492242
0.14043508018210105
0.1407372617986482
0.1422825390989999
0.14205980809870766
0.1445191457436863
0.14547559621493633
0.14890156381076736
0.14658485559820633
0.1397375716369993
0.14132062468431172
0.145551556591073
0.1416866923325415
0.14359338766843166
0.1458293339144916
0.1407320385354467
0.14323207157508477
0.14324662716504122
0.14393511129190983
0.1401764802862715
0.14482522883554338
0.14654837021541312
0.14464756522414746
0.14043009177950694
0.14558977099542858
0.14201814521973688
0.14691963074608339
0.14218337990601526
0.14114456124323738
0.14383977078230714
0.14726192560934237
0.14042276909381712
0.14281920525203873
0.14516096061143458
0.14061288397661542
0.14242686371781588
0.14293963115346742
0.14410128087189378
0.14218765315206383
0.14720901661092967
0.14279476049401296
0.14371641374674482
0.14065485047026982
0.14015551528854076
0.1399179145855669
0.13913290725992056
0.14346369209079057
0.14362397306908292
0.13861632372140775
0.14303303391207578
0.1455383755386208
0.1414014736205047
0.14225505234645652
0.13948503486145114
0.14495404196347295
0.14133227895069922
0.1417948786456975
0.14094143802978465
0.14201213387727307
0.14091521307304333
0.14016702526640756
0.1427475935542475
0.14136858867084356
0.14150828969931695
0.14347160453439756
0.14259368492710678
0.1439871968793227
0.14357751359600002
0.14637269309278622
0.14372832734852636
0.14333908008273966
0.14117589274241027
0.13880806629475728
0.14245816920421817
0.14444576195305103
0.14542155862838513
0.14485131065291057
0.14621166187401968
0.14249544438703765
0.14776369718256888
0.14176447190828867
0.13964839079602598
0.14628050223217315
0.1421023402293713
0.1431386476580201
0.14467198827250627
0.14612761475515867
0.1405117670454672
0.14369996633431015
0.13956868914200982
0.14062290199646554
0.14440934463158328
0.14254634836350988
0.14385418620852874
0.14558105723583026
0.1400247369359704
0.1421219412915775
0.1406687117874128
0.1426402322570084
0.14133455588580546
0.14411186266556797
0.13874676063292668
0.14196581473873948
0.14285330505700244
0.14476360481921802
0.1442023671532695
0.14566991873971347
0.14135987187631827
0.147981803538471
0.14070989900210407
0.14282878316112146
0.14452264866829978
0.1427786959499997
0.14343640795988222
0.14011103332512675
0.1403531767145978
0.14170308245689966
0.14325047716846484
0.14154951782967373
0.14338277927771514
0.14363775920898547
0.1466275992193573
0.1498704339533674
0.14037261635317577
0.14367104419005727
0.13946401245235052
0.14310377943215258
0.1427310627121301
0.141442172039973
0.14261511157167206
0.14376271766212767
0.1423862930465134
0.14198113007486768
0.14231130463349473
0.14102517976022
0.14175757944917677
0.14374439800440086
0.14008415433198707
0.14276471099151422
0.14417405910762682
0.1434679671925494
0.1379201390216167
0.13948721547899368
0.14187919535123683
0.14528409132461206
0.14090810745983617
0.14504887350236118
0.14374201378603857
0.14326742877150878
0.1425013535769608
0.14332272478262098
0.1437067644962724
0.14213849637175713
0.1436435015480697
0.1409944990407439
0.14085872047687076
0.14761431650069312
0.14103393972797562
0.14314237481440273
0.13829565184724402
0.1413838683303652
0.14242554962169152
0.1467655852318046
0.15044044044475413
0.14497188290087593
0.14285361697011467
0.14110879692978529
0.14281666114681002
0.14527769610407404
0.1418319561267367
0.1442059662413726
0.1424390039404102
0.14209936624197894
0.14561852094760752
0.14209496105405606
0.14000179472091645
0.14390474243108997
0.14061168966827609
0.14711554971793817
0.1418733560128942
0.14679504612865912
0.14251877165952465
0.1426523313969028
0.14232783766959756
0.1417657103109491
0.14158394546950603
0.14478273437214284
0.145978092553662
0.1415742687103716
0.14024069289735053
0.14196840895448304
0.13893456283790329
0.14242854441351938
0.14197584200229585
0.1410565341729466
0.14288768302128574
0.14304831972754073
0.14454073119634359
0.14203727247809184
0.14437110770035133
0.1474917936504312
0.14632303408313874
0.14079122640004016
0.14294425272873923
0.1406346572749726
0.14336215156453136
0.1418632780107032
0.14371259236139622
0.14485129691894372
0.13885146651659852
0.14195120316406928
0.14364981050391634
0.1460668909247147
0.14516046419390705
0.14697702342317598
0.14251919994609352
0.14161346959247112
0.1456482337908369
0.14012579175602013
0.13978626479263312
0.14470024319905406
0.1466026039757935
0.14050935655359353
0.141503295905693
0.14230053221865546
0.14780088688223714
0.14283310564718477
0.14127136560188092
0.14364716247007436
0.141678008155111
0.14480011841033047
0.1418096664967834
0.1406682209658925
0.1477133741662442
0.14072191312664017
0.1430241060737103
0.14140055370262417
0.14504044184428722
0.13773690548589457
0.1445284199808725
0.14185913101886172
0.1425077317154546
0.14088148469033968
0.14013230798866516
0.14254386354383541
0.14475139281563543
0.1394550916408548
0.14360461430567284
0.14459371140600297
0.14513359807449433
0.14381767681015845
0.1397737270511925
0.14068778195553477
0.1406082800152717
0.14291130834021715
0.14405592800557088
0.14318232336313486
0.13989927320864126
0.14701003808607993
0.1411232550297541
0.1403821828234868
0.1450107412856596
0.1417744939015506
0.14257191706138883
0.14090932272586087
0.1427073683706226
0.14498008778161875
0.1440253017031523
0.14615255847417075
0.14378338378617173
0.14220977004589486
0.13783769184590255
0.14448899767222656
0.14642352705050143
0.14268176942061928
0.1390094039963401
0.14602441536874267
0.142574333212508
0.14262465859627582
0.14047641030509794
0.1415739097531059
0.14150116300879745
0.14394559727014666
0.14158276682269388
0.14332815587357572
0.1409394171034819
0.1413527404473598
0.1414094668137409
0.1456917963866431
0.14635728985535934
0.14125881667632711
0.14342124717114757
0.1433644130630114
0.14405129303963804
0.1465256420644323
0.14291206580861626
0.14215015698573552
0.14228736096947614
0.14550229081328325
0.14390279591810895
0.14309235067213422
0.14416037035198315
0.14153382908693857
0.14291943093326154
0.14504039289840875
0.14131807664188045
0.14489174616579703
0.14426153961107957
0.1417873678527144
0.14002581086288046
0.14173038610726962
0.14476443112243942
0.1439620003282016
0.14212012802329355
0.14207552774718124
0.13983691117687158
0.139604168979929
0.14324834730598468
0.14057309703622423
0.14124919271722547
0.14580689188358065
0.14248493351107072
0.14481277575123386
0.142931139245718
0.15033993068669815
0.14408176459699007
0.14158334773151182
0.14252811397363985
0.14816931482926066
0.14237624400897175
0.14591900297631355
0.14151009541404846
0.14216584656986697
0.14227114232011218
0.1449384109108678
0.14445036856130855
0.14205362858325543
0.14186513481786278
0.14430243995087721
0.1419779953090483
0.1420648470759147
0.14745596183388443
0.14284278280058516
0.14393854619299873
0.14002297963196497
0.14430119320718404
0.14464339299939866
0.1422695124485358
0.14059742897285332
0.13916665421476182
0.14380515248006986
0.14267230838350997
0.14231864655891968
0.14309925053021288
0.14010811907036214
0.1423891109650981
0.14118903481880807
0.1400773563428288
0.14665798555142828
0.14388241568951798
0.1425086588401996
0.14295674404604597
0.1437054247523406
0.14302013693162507
0.14428224398238854
0.1406317660009222
0.14099043628283425
0.14265952554467276
0.144563778209033
0.13960820014074216
0.14674944981504723
0.14385627965782533
0.14251190458918472
0.1434255787299321
0.14302728445085222
0.14477012097768238
0.14006275356138076
0.14303343740738228
0.14597840230771908
0.1437573273502153
0.13960117922482596
0.1419591510592113
0.14383882332026587
0.14711240264699654
0.14611384444123132
0.14155782798684413
0.1420313661461705
0.14191390564963058
0.14184691474474675
0.141860352781066
0.14503770395072024
0.1478525960880006
0.1412829968129472
0.14048997512668393
0.14019782310441542
0.14312735653061281
0.1433480893256842
0.14032235728416254
0.14111541709792164
0.1448382291641792
0.14226527125936173
0.13872345418087662
0.14077861648479484
0.14266156830888121
0.14166696199089301
0.14649818746846677
0.14196735933103355
0.14110954408954512
0.14400061651986107
0.14370638517465295
0.14661042431276883
0.14477659061697068
0.14779782064249503
0.14447642226184598
0.1418985393729031
0.14333879199728017
0.14515729260295984
0.14251023243127747
0.14120915659856337
0.14524253741711846
0.1418660565615255
0.1458967533345117
0.13809105017054435
0.14417798256158676
0.14049642272351548
0.14315117112084863
0.14433831660534224
0.14374748510914515
0.1409383304380185
0.1459796023277704
0.14204695396057332
0.14479454531669944
0.1406247143096948
0.1413261068290126
0.14449488875783345
0.1427379900961796
0.14284199322463564
0.1444671951901455
0.1445400320114345
0.14390879807774581
0.14244218364717653
0.1492026459666249
0.14415495600587747
0.14182481875639041
0.14479179845670842
0.14143608211270475
0.1401990605645551
0.14300234104052834
0.14311475298160303
0.144028249960229
0.1500558492529649
0.1413750947749577
0.14389112838216533
0.14226477971641316
0.14399251503522237
0.1435484600472705
0.14330258942402452
0.140371145604945
0.14389163378052672
0.14146320351983377
0.1425068501744704
0.14479131272469203
0.1452233226897306
0.14479587897659485
0.14423455463617074
0.14237148341675265
0.14217707967713977
0.14353956709629756
0.14191631501597612
0.14260971833135727
0.14283147224966797
0.13818450408126637
0.14085065176669787
0.14308190985252622
0.14581620847803833
0.14581390947216732
0.14126445012345812
0.14063337146308186
0.14085790282592825
0.1428713088723157
0.14147428142894114
0.14311591598971063
0.14378932380128617
0.1428007528430726
0.14669971226709322
0.14346363163065234
0.1394469434738994
0.1437242414720572
0.14764805862972707
0.14441409387978865
0.14185725872681587
0.143682211029045
0.14293591485051138
0.1430156182390192
0.14346534586110238
0.14577757597515983
0.14397554671796797
0.14244657801094718
0.14246912157210545
0.142700665064865
0.14434539336230046
0.1407817656933048
0.1441552852133441
0.1423988341592235
0.14250639338547444
0.14052555479804596
0.1425670911409611
0.14187999825526276
0.14773506933397584
0.14616227945350602
0.14023307497700443
0.14661318986401284
0.14034379209931558
0.14302185125956157
0.1406759227008365
0.14211053029333698
0.14713552754568582
0.1449966828407696
0.14328065057918593
0.14268219770156065
0.14726868901050238
0.14316092285213244
0.14506027392383203
0.13914659569985588
0.14328617663238674
0.1412276653763911
0.14739850905829144
0.1419267188628055
0.1387441122521409
0.14212110510220555
0.14138953765456108
0.14148862622744218
0.142891363769877
0.14417906162134386
0.14159075874312066
0.1459631512843771
0.14372857317039234
0.14080002139633052
0.14162194218027935
0.14401729787317663
0.14475073021122853
0.1405237342859209
0.1423992869225117
0.14552987163017406
0.1403425189595282
0.13995829358538003
0.142435239187364
0.14587014086811223
0.1421993821934393
0.14005398736753705
0.14600636728437166
0.14326119976874452
0.14346700441160465
0.14569903292249364
0.1425258457624068
0.1397843524845257
0.14385787089850055
0.142222117319875
0.14482750511763243
0.14207538920823026
0.14167227796542647
0.13862436116846766
0.14609507068485073
0.14399753593818332
0.14370914624203124
0.14222558442406807
0.14218467935495482
0.14347043652253433
0.13923205255093762
0.1438632288120516
0.1415395607497203
0.1464434531083043
0.14392517448857234
0.14270438205414848
0.14346697359258087
0.1388810259015827
0.13972743805493337
0.1397266240967383
0.14489901728290988
0.14353955921330908
0.141583708028179
0.14262347024418887
0.13992032074440885
0.14191765071768714
0.14193605490072514
0.14040675373519207
0.14571618290653987
0.1418136150726923
0.14179070300633612
0.14228949125708823
0.14365852081368757
0.1434130053030458
0.14325941425670408
0.14294832429538928
0.14237801598380884
0.14157892895673285
0.1424691181206299
0.141998925043481
0.14970638164663796
0.1382247871298432
0.14298427411722514
0.14425848508369654
0.1421701380960485
0.14346481136874445
0.140462796862721
0.14481788063574186
0.1400961042322706
0.14240364073225464
0.14260639816598086
0.14139410985819723
0.14451866939180036
0.14142335623057534
0.14123832587506513
0.14049357800467988
0.14736253660464627
0.14537767608635477
0.14212196545554434
0.14207671890596885
0.14120272857951477
0.14246678130166401
0.14125070720376698
0.14503215920592538
0.14454959874251472
0.14430793522956264
0.1463676228767099
0.14451354689902018
0.14100496479397862
0.14338390657962918
0.1424841976560174
0.13851111476230926
0.14134523694599466
0.14299181507908543
0.14534011964099136
0.14309590944230877
0.14158929540678855
0.14458823831841983
0.14413705281083367
0.1407301767876561
0.14431989656702626
0.1406067610575974
0.13923684943517856
0.14242258591480095
0.14492219454177757
0.14138985526074066
0.1399882098037324
0.1432997098887654
0.1429262462936549
0.14046437471802165
0.14248533572902033
0.14176010772393965
0.1412966733291796
0.1430309853013796
0.1431447629036029
0.1453250388642573
0.14129270969010577
0.14325704477289491
0.14079089122685673
0.14580423138136211
0.14418168448742108
0.143910350603619
0.14418164057713057
0.14142727746946093
0.14636409114029902
0.14290009817227656
0.13952586787888777
0.14230649272235496
0.1436076316068693
0.14337791217292306
0.14332137247026822
0.14348977214910974
0.14279539542508246
0.1480658291555983
0.14295253084014803
0.1440511802330775
0.14605385716424735
0.14333242812801927
0.14272766995748043
0.14338840758364313
0.14059460053022121
0.1418811413483354
0.14188093539371494
0.14457478049689598
0.14426325111821825
0.14493150393298038
0.1410642926100536
0.13797864513219338
0.1411401272839612
0.14020834714358443
0.14207060810963412
0.14200048981456348
0.14146974539562507
0.14473864191108987
0.13973481553466627
0.14711224856023364
0.14199114699374604
0.14695227541869826
0.14496012075539966
0.1423696788039024
0.14281911548459902
0.1470665380348919
0.1441747831460134
0.14218817948506057
0.1403755013643604
0.1434596019489618
0.1457806959563186
0.1392230215917607
0.14361359029192045
0.14076569952953832
0.13791595202224016
0.14452143517200966
0.1460226075372475
0.1421100445486445
0.1467244206145324
0.14412214635092369
0.14208877858800406
0.144626788554433
0.14151343905666636
0.1440106210486647
0.14309803629066664
0.1427589351919778
0.14309977365849136
0.14112971898714477
0.14164555317836403
0.14413689148966569
0.14000464922958145
0.1439874972356847
0.14309633754419337
0.14030872446323883
0.14414257168255062
0.14207139824827664
0.14556512950468914
0.1441060624633792
0.1401549950082881
0.14492187688586
0.1399560336194554
0.14266876392662198
0.14082123449134087
0.14215912659199148
0.1432443911895689
0.1441910009153844
0.14238399582086458
0.13935258664139383
0.1394244135169629
0.1435468368247257
0.1446957088636509
0.14148214441786422
0.14408195271653312
0.1412857885406993
0.14954594669779908
0.14201902233651253
0.1424484336474734
0.14654750178522136
0.14161001278307594
0.14413202870980513
0.14075171023512212
0.14210877977257041
0.1443013897887795
0.14464093605408834
0.14136007493925717
0.13975309671093328
0.14271649008776421
0.1415296297286659
0.14159884588025307
0.1419811532815629
0.14340009354748418
0.14008714968178992
0.1425349312725075
0.1443991657171182
0.14106989164213246
0.14231871171216426
0.14159139418654831
0.14462762077300795
0.14580878844617473
0.14218291610791312
0.14621198881138753
0.14292217705065013
0.14681332033262606
0.14238912047323993
0.1406488708909137
0.14103091716856397
0.14509529128338272
0.14416286021662472
0.14358916207152106
0.14411346960696392
0.14407721708505505
0.14256145117326469
0.14233965882760913
0.14581706558817586
0.14349771401384714
0.14216322864933773
0.14286109832528382
0.14907729501248923
0.14132780477416418
0.1462483488187445
0.14341892827030733
0.14456794536340567
0.14654191773411185
0.14326085182244697
0.14401663731337067
0.1425626274796059
0.1433204345590866
0.14270447659873753
0.14429862736267296
0.1430850816077509
0.14203859692167953
0.14353631543690426
0.14366777873158298
0.15254425654381976
0.14556199505068435
0.14507035360679765
0.1387120190635187
0.1425392308397022
0.14776336722934502
0.1414878717761212
0.14500131838860852
0.140152960069031
0.14716797894857336
0.14466992844359083
0.14391743944065638
0.14384039842957463
0.14160807665393804
0.14267210409241216
0.14347940279139948
0.14747729485304717
0.145335193247206
0.14092948938673544
0.1429428325225217
0.14750589047616813
0.1426231433687235
0.14536306657112164
0.13868309195402162
0.14101223890850179
0.14362826171827692
0.14547702949391805
0.1410029042236829
0.14225763520460077
0.14475902813285302
0.1414179347506206
0.14044043494436664
0.1424878281252404
0.14385207492478003
0.14420387970892534
0.1414486634646437
0.14084653689712923
0.1400523333700221
0.14190217816599215
0.1473145041202315
0.14008257553462045
0.14572621318438905
0.14665754658221886
0.14427526225074416
0.14173863588564473
0.14091098666312973
0.14325433512794916
0.1423406092959567
0.13802871072539347
0.1430937744349876
0.1462410766520179
0.14136667582647533
0.14361161997419458
0.14176405773037004
0.14421142364460593
0.145940808975638
0.14403532489257032
0.14572393407740947
0.14571882011239268
0.13775906217551892
0.14440077567348908
0.14188680858887892
0.14723851389794618
0.14146212769833255
0.14356215322686694
0.14055725680293563
0.14225746142869866
0.14410423353172064
0.14410548314401694
0.14183593949326223
0.1420881097609481
0.1489257603450369
0.14181084700919655
0.14340003063443874
0.14254087011158845
0.14426395286977822
0.142367954019619
0.1422662059256936
0.14137608746682417
0.1423362667209176
0.14383428948121946
0.1453641857041248
0.1434620578685326
0.14381563084680238
0.1399958206196743
0.14439316308039452
0.14017196917939145
0.1405496268527031
0.14412693829785894
0.14346865056370461
0.14235953572335802
0.14073341291043562
0.14125088097944172
0.14183595253302883
0.14227094953287178
0.13934937946282844
0.14400401766999948
0.14046092160879198
0.14251169060401025
0.14039953658857485
0.1474764257525294
0.14643737380981747
0.13967601263686902
0.14338085021108782
0.14307028024222745
0.14316728958874592
0.14036274501142998
0.13972404102992186
0.1415133721213806
0.14549073767148002
0.139569674878544
0.14278445181662391
0.1448132168018219
0.1484218629686893
0.1411473783485917
0.1399052251864532
0.14389401271387214
0.14302339048310841
0.1492262381997307
0.138540640683118
0.14130302747605583
0.14082869736955672
0.14144368928805306
0.14527597416440585
0.14017614760564356
0.14517189386049267
0.14463455636371236
0.1431176873871891
0.1411592838337583
0.1439160146037466
0.14252867747052278
